

in  0       1       2       3
    00 0    00 2    00 1    00 3
    01 0    01 1    01 3    01 2
    10 1    10 0    10 2    10 3
    11 3    11 1    11 2    11 0

    wd = (i*j*2) + i

    wd = 2 - j - (i*2) + (i*j*2)

    wd = 1 + (j*2) + i - (i*j*2)

    wd = 3 - j - (i*j*2)


in  0       1       2       3
    00 1    00 3    00 2    00 1
    01 2    01 2    01 0    01 3
    10 0    10 1    10 0    10 0
    11 2    11 3    11 3    11 2

    sd = 1 + j - i + (i*j)

    sd = 3 - j - (i*2) + (i*j*3)

    sd = abs(2 - ((i+j)*2) - (i*j))

    sd = 1 + (j*2) - (i*j)

01   0
23  3 1
     2

p 0
d   0       1       2       3
    00 1    00 1    00 2    00 1
    01 2    01 2    01 1    01 1
    10 0    10 2    10 1    10 0
    11 1    11 3    11 0    11 3

p 1
d   0       1       2       3
    00 1    00 1    00 3    00 2
    01 2    01 2    01 2    01 3
    10 0    10 2    10 0    10 1
    11 2    11 3    11 3    11 2

p 2
d   0       1       2       3
    00 1    00 0    00 0    00 1
    01 2    01 3    01 2    01 0
    10 0    10 1    10 0    10 0
    11 1    11 0    11 3    11 3

p 3
d   0       1       2       3
    00 2    00 1    00 3    00 1
    01 3    01 2    01 2    01 0
    10 3    10 3    10 0    10 0
    11 0    11 3    11 3    11 3